116
223
169
267
75
100
11
118
140
57
155
89
180
181
290
189
182
141
30
108
107
97
229
133
278
47
78
162
102
28
33
219
23
215
16
138
75
11
153
255
128
272
260
156
98
260
84
12
189
75
242
228
19
155
87
25
21
67
19
231
277
79
92
19
59
78
122
255
247
198
66
15
26
44
144
248
179
10
57
40
225
74
150
148
191
224
163
237
33
116
69
115
10
48
135
227
13
76
263
27
52
182
108
152
119
147
273
256
168
176
124
108
98
162
226
30
232
58
242
199
251
190
238
211
44
291
287
174
151
85
192
168
94
215
270
186
145
28
79
206
12
240
170
192
287
119
35
300
77
121
280
217
295
298
57
118
155
255
235
223
274
82
21
34
251
181
144
234
175
128
155
40
223
212
20
288
200
29
154
263
180
149
194
259
104
196
265
227
233
278
203
82
73
298
99
239
276
285
138
288
153
87
243
166
206
72
106
95
286
251
114
224
170
206
103
125
26
119
227
111
212
63
150
63
158
156
101
205
195
204
158
191
281
280
298
257
300
195
110
267
19
235
93
120
251
156
262
273
239
117
111
244
138
31
240
83
159
62
295
152
164
262
30
58
73
52
283
178
45
225
21
279
151
221
118
80
193
122
172
75
172
239
300
87
126
268
217
47
227
256
93
226
161
155
126
203
137
152
47
55
164
32
56
243
182
292
219
202
248
61
122
95
259
138
40
50
205
52
294
192
98
18
263
16
174
79
242
299
136
66
223
275
92
244
239
275
152
112
200
288
117
237
72
29
90
85
45
269
89
61
44
109
241
64
20
197
218
165
231
257
67
261
148
259
108
252
193
217
90
87
278
215
123
212
48
209
42
166
50
125
197
253
278
38
243
77
44
66
180
260
273
290
33
31
217
43
80
257
99
197
48
183
284
87
230
46
93
219
260
260
201
227
83
92
54
143
135
63
88
114
35
137
55
277
169
219
71
30
290
67
132
29
271
296
139
73
164
253
92
158
29
200
84
92
60
223
219
231
281
281
56
187
217
54
202
145
87
90
101
222
20
139
177
187
68
86
220
245
175
206
51
68
40
243
157
196
184
64
31
214
81
17
88
198
76
158
172
118
89
135
211
237
169
270
211
55
288
122
59
255
