116
132
212
300
148
226
124
109
285
242
276
134
134
129
277
148
218
291
114
132
189
243
182
162
196
186
221
125
189
181
298
263
133
205
277
220
225
115
262
128
121
247
276
229
202
155
132
222
126
177
132
148
118
273
227
260
124
174
261
281
216
205
115
299
120
153
208
143
172
116
281
188
272
121
288
129
187
114
192
114
138
296
116
255
116
100
222
124
253
151
214
113
203
120
296
281
263
300
262
157
221
188
115
156
240
131
130
114
206
222
270
156
288
231
118
102
294
112
174
110
288
145
186
237
182
196
162
216
241
128
153
138
295
157
178
275
197
220
251
130
255
109
300
251
142
232
129
173
294
262
259
165
264
294
236
203
232
122
203
117
218
249
229
244
291
107
234
253
135
225
151
102
194
183
147
223
174
203
158
137
251
241
139
151
256
299
158
133
243
269
254
120
258
100
155
184
104
199
299
295
127
214
223
239
162
273
121
278
138
119
182
298
224
118
191
286
130
141
240
215
204
206
176
243
163
190
276
197
182
250
223
146
244
207
220
159
223
261
235
240
119
260
105
236
260
117
222
127
163
123
218
208
175
213
174
109
142
150
217
146
160
194
167
138
155
145
248
194
205
161
190
249
283
145
270
244
121
177
156
132
176
235
127
264
204
224
124
260
275
238
297
182
236
161
236
287
300
213
152
204
271
280
292
285
128
199
255
164
271
201
242
147
103
222
228
110
289
107
156
106
151
239
229
210
247
173
298
183
214
170
154
136
204
260
292
157
264
176
248
201
174
220
300
114
113
188
171
282
237
294
225
219
210
202
193
280
115
194
113
105
168
179
103
245
264
244
224
168
125
162
273
188
265
168
246
182
176
174
208
195
138
205
229
250
181
281
126
263
165
219
165
136
300
109
232
297
239
168
107
104
159
254
261
289
240
127
142
293
154
285
214
103
101
297
166
283
200
234
142
274
285
260
290
135
107
243
197
186
235
124
271
206
227
285
188
118
163
157
121
179
149
188
270
278
186
222
111
230
278
268
273
199
169
164
145
149
196
115
224
152
245
143
152
179
166
279
210
129
264
194
168
236
168
156
172
191
186
150
292
291
135
114
146
205
175
114
179
148
175
191
214
155
291
245
232
156
134
138
130
174
